13316698666
13653177777
13103299999
18220897999
13952095888
13842602666
13109238999
13516978555
15079385777
15716755555
15859799999
18634961888
15556406999
15830058888
15081009999
13638189666
13689360888
13614447888
15758951999
13330457888
13938616777
13501090888
15148702777
18734878888
18873572999
13575448777
13766421999
18652377555
15511094666
15559257777
13484776999
15830191555
15320566888
13178669888
13881905555
13990863666
13610734777
15273408888
13354776555
13638334777
18809321555
13903551777
17609172666
15134615555
18199382555
18269972888
13356280666
13721575999
18635181777
13408005666
18996265555
18219879999
18191280888
13737436666
13179988888
15227822666
13787199888
13390991888
13986072777
13700486666
15595262999
13283687888
18732168888
15773866666
18281010777
15648234999
18627007666
18247691777
13227543999
15933486888
18704389888
15607307777
17606387555
15936799999
18760706666
15164746666
15573990999
18925377555
13982870777
18911960666
15568903555
15663557555
15182580888
19304764666
15543849777
13333578999
15578366666
18631123777
18234859777
18646937888
18666671999
15227846666
15124301777
13250304777
15674112666
18639615777
13506911888
13665935999
15939627777
15540785777
13860378777
13587667777
18734598888
18802466777
15604467666
15965305888
18689889888
13170354666
13893118999
15145617777
13307908888
15648811777
13551446999
18992770999
18995661888
18849005888
18607483555
13953594555
18631130777
13754886666
18009939888
13466027999
13507776999
13340006888
13789118666
13885151888
15184558555
15257629999
13968951888
13223288888
18959430999
18673723888
18119105777
15664666666
15945549999
18762300777
15963217777
18322956999
15375672999
13694737888
17708580888
18663575777
13503988666
13308827666
15502907777
18346998888
15107455777
18935388888
18247235555
18083938888
13931100999
15529885888
13655268666
13252596666
13335308888
13146218888
15146717777
13806386999
17635550999
18922573555
13946012666
13767722666
15105549666
13981899888
18235562999
13859420888
18109123777
18659950666
15903586555
18945315666
13843023999
13555487777
15647855555
15020939777
18748542999
18860373777
13135609999
18730858888
15849090777
15231086888
13664758999
18640762777
18080706888
13788066888
13595469999
13973151666
13987399888
17711743888
18988399999
13067579888
15304832777
18220308888
18299552999
13453933999
15570618999
15640106888
15567122555
18386081777
18047879777
13289287666
13888529999
13190605555
13150068999
15830193999
15358197777
15309160666
13851259999
15731155666
15907165555
18299972777
15663918666
13699013666
18755116666
15503554666
15214009999
13009565555
13265499999
18392228888
18736066666
13273297777
13552185555
18051053999
13341447888
18248178888
13211090888
17786250777
18645546555
15319253888
13887589777
18207746888
13797727888
13306308888
15770109888
15931671888
18647745999
15503869888
15552558888
15750466666
18966991999
15309117888
17601640777
13988933888
15215166999
18074519777
13159750999
13269196999
18691295666
13939234555
18507382777
15353169888
18322539999
18132677777
13976257999
13189928888
15336104666
13974652555
15203269555
15773967777
13272517888
18947057555
13836469999
13833099777
15254787777
13588506666
18966968999
18247098666
13818519999
13339887888
15930192888
13850091888
15291527888
18032008777
15135893888
18629288999
18947165888
18643751777
18360235888
15204788888
18145575555
15771514999
13017010999
13403694888
13541684666
15324299999
13689699888
18391106666
13681122888
15058026999
13618038888
18002614999
15833178888
13994942999
15387355888
18205782777
15831967888
15091932777
18866405999
13735594888
13310340999
15569059777
18099914999
18607783666
13716278666
18602821777
18696556555
15558087777
18677965555
13328776666
13681293888
15995197999
15896309999
13784320666
13945367777
13453055666
13907082888
15232191888
18784273777
13851379777
18904790888
15575119888
13992271666
18537036999
18539611777
18779582888
18977819888
13739865555
17376799888
13922180888
13338055666
15105113666
13825912555
15903781666
13564023666
15204348999
15541139555
18039628999
15773886777
18959855555
15059589999
13870799999
15632639999
15535136555
15855708888
13602579888
18561437777
13653778999
13518999999
15082417999
18234087777
13605775555
19839728888
18835706555
17799425666
13295048777
15700818666
13274458999
18951902555
15991988999
15039253888
15353773999
15803753777
15803185666
13315588888
15044749777
18263518888
18235788555
13134849999
18304857555
18634814999
13965560999
15727369666
13971118555
13607965555
13075800888
15132296888
13818713999
18905439999
16637721888
18749217666
15675328999
13547123888
15843623777
13361272555
13503715555
18947741888
13541410888
18669484888
18263606777
15305981777
13904568888
18162227777
15545680888
13322921888
13409165555
13909176666
15897394888
15586399999
15971022999
18335844999
18670337999
15190701666
18509986555
18944992888
13732351555
15987529777
15067802666
18935106666
13943042777
18161581666
18875769999
18247130777
18305123888
15054850666
13636019666
15225321888
15009841888
18982597777
15588699888
15339179888
15935294999
13363844999
13778047666
13278919999
13462364888
13611870999
18905083555
15540845555
13204614888
18933739888
18199783888
13389748888
13575530888
15776362888
18799295999
13653385888
13734754555
13876318888
13629387777
13932999777
13655497777
13973895777
18607468888
15362085888
17709510999
15971588888
15933399999
15181927999
15060999999
18346773666
18747756999
18162013777
15904784666
13063759999
13505002999
13835896555
18609983666
13015264555
15835187777
