17776812999
13149448999
18939636999
15595263999
15859798999
15058027999
15060998999
13653779999
15771515999
18220898999
13109239999
15059588999
15181928999
18634815999
18866406999
13888528999
13836468999
13269197999
13611871999
18748543999
18647746999
15632638999
13063758999
13484777999
13851258999
13505003999
13363845999
15648235999
15933398999
13818518999
18235563999
13310341999
13843024999
13518998999
13806387999
13134848999
13818714999
17709511999
18873573999
13551447999
18988398999
18875768999
13159751999
13893119999
15586398999
13274459999
15573991999
13135608999
15204349999
18322538999
18629289999
13870798999
15556407999
13017011999
15353774999
15324298999
15971023999
13994943999
18002615999
13150069999
13931101999
13265498999
17635551999
15375673999
15945548999
18322957999
15758952999
18966992999
18799296999
13103298999
13333579999
15570619999
15830194999
18905438999
18051054999
18537037999
18335845999
15896308999
13466028999
18666672999
13227544999
18959431999
18670338999
18747757999
15995198999
13595468999
13453934999
18099915999
15082418999
15215167999
18966969999
15935295999
15257628999
13721576999
18039629999
13766422999
18299553999
15081008999
15675329999
13278918999
13507777999
13976258999
18219878999
13965561999
15936798999
13665936999
13664759999
15991989999
18992771999
15214008999
15830059888
18849006888
15552559888
13335309888
13389749888
15503868888
15965306888
13735595888
18935389888
18732169888
15933487888
17708581888
13306309888
13315589888
13462365888
13787198888
18689888888
15319254888
18360236888
13341448888
13618039888
18947166888
13178668888
13952096888
13907083888
13602578888
13968952888
13922181888
13694738888
15232192888
15135894888
18734599888
15182581888
18944993888
15387356888
16637722888
15309118888
15362086888
13850092888
13614448888
18009938888
13146219888
18646938888
13501091888
18607469888
18779583888
13981898888
15833179888
13283688888
18947742888
18305124888
15640107888
13541411888
13859421888
15575118888
15231087888
13788067888
13179989888
13189929888
17376798888
18346999888
13797728888
15831968888
13987398888
13506912888
13330458888
13689698888
13403695888
13850092888
15588698888
18673724888
13904569888
18269973888
15545681888
13330458888
15225322888
18248179888
15971589888
13876319888
13272518888
13575531888
18199784888
15529886888
18191281888
13339888888
13681123888
13307909888
15776363888
13067578888
15132297888
13223289888
18207747888
18933738888
15009842888
13340007888
15204789888
15770108888
15930193888
18730859888
18080707888
18392229888
18263519888
18634962888
