17776811999
13149449999
18939635999
15595262999
15859799999
15058026999
15060999999
13653778999
15771514999
18220897999
13109238999
15059589999
15181927999
18634814999
18866405999
13888529999
13836469999
13269196999
13611870999
18748542999
18647745999
15632639999
13063759999
13484776999
13851259999
13505002999
13363844999
15648234999
15933399999
13818519999
18235562999
13310340999
13843023999
13518999999
13806386999
13134849999
13818713999
17709510999
18873572999
13551446999
18988399999
18875769999
13159750999
13893118999
15586399999
13274458999
15573990999
13135609999
15204348999
18322539999
18629288999
13870799999
15556406999
13017010999
15353773999
15324299999
15971022999
13994942999
18002614999
13150068999
13931100999
13265499999
17635550999
15375672999
15945549999
18322956999
15758951999
18966991999
18799295999
13103299999
13333578999
15570618999
15830193999
18905439999
18051053999
18537036999
18335844999
15896309999
13466027999
18666671999
13227543999
18959430999
18670337999
18747756999
15995197999
13595469999
13453933999
18099914999
15082417999
15215166999
18966968999
15935294999
15257629999
13721575999
18039628999
13766421999
18299552999
15081009999
15675328999
13278919999
13507776999
13976257999
18219879999
13965560999
15936799999
13665935999
13664758999
15991988999
18992770999
15214009999
15830058888
18849005888
15552558888
13335308888
13389748888
15503869888
15965305888
13735594888
18935388888
18732168888
15933486888
17708580888
13306308888
13315588888
13462364888
13787199888
18689889888
15319253888
18360235888
13341447888
13618038888
18947165888
13178669888
13952095888
13907082888
13602579888
13968951888
13922180888
13694737888
15232191888
15135893888
18734598888
15182580888
18944992888
15387355888
16637721888
15309117888
15362085888
13850091888
13614447888
18009939888
13146218888
18646937888
13501090888
18607468888
18779582888
13981899888
15833178888
13283687888
18947741888
18305123888
15640106888
13541410888
13859420888
15575119888
15231086888
13788066888
13179988888
13189928888
17376799888
18346998888
13797727888
15831967888
13987399888
13506911888
13330457888
13689699888
13403694888
13850091888
15588699888
18673723888
13904568888
18269972888
15545680888
13330457888
15225321888
18248178888
15971588888
13876318888
13272517888
13575530888
18199783888
15529885888
18191280888
13339887888
13681122888
13307908888
15776362888
13067579888
15132296888
13223288888
18207746888
18933739888
15009841888
13340006888
15204788888
15770109888
15930192888
18730858888
18080706888
18392228888
18263518888
18634961888
13988933888
18220308888
18669484888
15320566888
15339179888
18704389888
13885151888
18083938888
15931671888
13681293888
13653385888
18995661888
19839728888
18734878888
13075800888
13390991888
13547123888
13204614888
18904790888
15897394888
15855708888
15273408888
13689360888
15291527888
18977819888
13322921888
13211090888
15353169888
15039253888
17711743888
13273297777
15803753777
15963217777
18635181777
18234087777
18205782777
18162013777
15543849777
18802466777
13943042777
18602821777
15607307777
15849090777
18109123777
15107455777
18074519777
15773967777
18132677777
13629387777
13887589777
13610734777
15254787777
18507382777
17601640777
13932999777
15939627777
13982870777
18784273777
15843623777
15304832777
15648811777
18643751777
18663575777
18247691777
18281010777
18386081777
13860378777
18247130777
18263606777
15148702777
13945367777
13555487777
18860373777
13575448777
18299972777
15773886777
13295048777
17786250777
18561437777
18640762777
15091932777
15559257777
13587667777
18234859777
15305981777
15569059777
15079385777
13638334777
18539611777
15540785777
18762300777
18982597777
13986072777
13833099777
15835187777
13653177777
15358197777
15502907777
13655497777
15987529777
15558087777
18047879777
18162227777
18032008777
15124301777
15044749777
15145617777
13250304777
18631130777
13938616777
13903551777
15146717777
18119105777
18639615777
18631123777
13851379777
15020939777
13973895777
18691295666
13338055666
15604467666
13737436666
13408005666
15164746666
15105549666
15067802666
18736066666
13252596666
13328776666
13767722666
13289287666
18749217666
13754886666
15511094666
13636019666
15578366666
17799425666
15904784666
18247098666
13789118666
13946012666
13541684666
18945315666
13588506666
18935106666
13308827666
15309160666
13638189666
13356280666
13784320666
13564023666
15773866666
18391106666
18760706666
18659950666
15700818666
13503988666
15190701666
13716278666
15503554666
18609983666
13316698666
18627007666
19304764666
15731155666
13973151666
15803185666
13909176666
13990863666
18755116666
15750466666
15674112666
13842602666
13992271666
15664666666
15663918666
18911960666
15054850666
15105113666
13700486666
13453055666
15227846666
15227822666
13170354666
13778047666
15903781666
18346773666
13699013666
15336104666
17609172666
18161581666
15727369666
13655268666
18607783666
18691295666
13338055666
15604467666
13737436666
13408005666
15164746666
15105549666
15067802666
18736066666
13252596666
13328776666
13767722666
13289287666
18749217666
13754886666
15511094666
13636019666
15578366666
17799425666
15904784666
18247098666
13789118666
13946012666
13541684666
18945315666
13588506666
18935106666
13308827666
15309160666
13638189666
13356280666
13784320666
13564023666
15773866666
18391106666
18760706666
18659950666
15700818666
13503988666
15190701666
13716278666
15503554666
18609983666
13316698666
18627007666
19304764666
15731155666
13973151666
15803185666
13909176666
13990863666
18755116666
15750466666
15674112666
13842602666
13992271666
15664666666
15663918666
18911960666
15054850666
15105113666
13700486666
13453055666
15227846666
15227822666
13170354666
13778047666
15903781666
18346773666
13699013666
15336104666
17609172666
18161581666
15727369666
13655268666
18607783666